import numpy as np

# yapf: disable

tetrahedral_frames = np.array([[
   (+1.000000, +0.000000, +0.000000, +0.000000),
   (+0.000000, +1.000000, -0.000000, +0.000000),
   (+0.000000, +0.000000, +1.000000, +0.000000),
   (+0.000000, +0.000000, +0.000000, +1.000000),
], [
   (+1.000000, +0.000000, +0.000000, +0.000000),
   (+0.000000, -1.000000, +0.000000, +0.000000),
   (+0.000000, -0.000000, -1.000000, +0.000000),
   (+0.000000, +0.000000, +0.000000, +1.000000),
], [
   (+0.000000, +1.000000, -0.000000, +0.000000),
   (-0.000000, +0.000000, +1.000000, +0.000000),
   (+1.000000, -0.000000, +0.000000, +0.000000),
   (+0.000000, +0.000000, +0.000000, +1.000000),
], [
   (+0.000000, -1.000000, +0.000000, +0.000000),
   (-0.000000, -0.000000, -1.000000, +0.000000),
   (+1.000000, +0.000000, -0.000000, +0.000000),
   (+0.000000, +0.000000, +0.000000, +1.000000),
], [
   (+0.000000, +1.000000, -0.000000, +0.000000),
   (+0.000000, -0.000000, -1.000000, +0.000000),
   (-1.000000, +0.000000, -0.000000, +0.000000),
   (+0.000000, +0.000000, +0.000000, +1.000000),
], [
   (-0.000000, +0.000000, +1.000000, +0.000000),
   (+1.000000, -0.000000, +0.000000, +0.000000),
   (+0.000000, +1.000000, -0.000000, +0.000000),
   (+0.000000, +0.000000, +0.000000, +1.000000),
], [
   (+0.000000, -1.000000, +0.000000, +0.000000),
   (+0.000000, +0.000000, +1.000000, +0.000000),
   (-1.000000, -0.000000, +0.000000, +0.000000),
   (+0.000000, +0.000000, +0.000000, +1.000000),
], [
   (-0.000000, -0.000000, -1.000000, +0.000000),
   (+1.000000, +0.000000, -0.000000, +0.000000),
   (+0.000000, -1.000000, +0.000000, +0.000000),
   (+0.000000, +0.000000, +0.000000, +1.000000),
], [
   (+0.000000, -0.000000, -1.000000, +0.000000),
   (-1.000000, -0.000000, -0.000000, +0.000000),
   (-0.000000, +1.000000, -0.000000, +0.000000),
   (+0.000000, +0.000000, +0.000000, +1.000000),
], [
   (-0.000000, +0.000000, +1.000000, +0.000000),
   (-1.000000, +0.000000, -0.000000, +0.000000),
   (-0.000000, -1.000000, +0.000000, +0.000000),
   (+0.000000, +0.000000, +0.000000, +1.000000),
], [
   (-1.000000, -0.000000, -0.000000, +0.000000),
   (-0.000000, +1.000000, +0.000000, +0.000000),
   (+0.000000, +0.000000, -1.000000, +0.000000),
   (+0.000000, +0.000000, +0.000000, +1.000000),
], [
   (-1.000000, +0.000000, -0.000000, +0.000000),
   (-0.000000, -1.000000, +0.000000, +0.000000),
   (-0.000000, +0.000000, +1.000000, +0.000000),
   (+0.000000, +0.000000, +0.000000, +1.000000),
]])

octahedral_frames = np.array([[
   (+1.000000, +0.000000, -0.000000, +0.000000),
   (+0.000000, +1.000000, +0.000000, +0.000000),
   (+0.000000, -0.000000, +1.000000, +0.000000),
   (+0.000000, +0.000000, +0.000000, +1.000000),
], [
   (+0.000000, +1.000000, +0.000000, +0.000000),
   (+1.000000, +0.000000, -0.000000, +0.000000),
   (-0.000000, +0.000000, -1.000000, +0.000000),
   (+0.000000, +0.000000, +0.000000, +1.000000),
], [
   (+0.000000, -0.000000, +1.000000, +0.000000),
   (+1.000000, +0.000000, -0.000000, +0.000000),
   (-0.000000, +1.000000, +0.000000, +0.000000),
   (+0.000000, +0.000000, +0.000000, +1.000000),
], [
   (+1.000000, +0.000000, -0.000000, +0.000000),
   (+0.000000, -0.000000, +1.000000, +0.000000),
   (+0.000000, -1.000000, -0.000000, +0.000000),
   (+0.000000, +0.000000, +0.000000, +1.000000),
], [
   (-0.000000, +0.000000, -1.000000, +0.000000),
   (+0.000000, +1.000000, +0.000000, +0.000000),
   (+1.000000, -0.000000, -0.000000, +0.000000),
   (+0.000000, +0.000000, +0.000000, +1.000000),
], [
   (-0.000000, +1.000000, +0.000000, +0.000000),
   (+0.000000, -0.000000, +1.000000, +0.000000),
   (+1.000000, +0.000000, -0.000000, +0.000000),
   (+0.000000, +0.000000, +0.000000, +1.000000),
], [
   (+0.000000, +1.000000, +0.000000, +0.000000),
   (-0.000000, +0.000000, -1.000000, +0.000000),
   (-1.000000, +0.000000, +0.000000, +0.000000),
   (+0.000000, +0.000000, +0.000000, +1.000000),
], [
   (+0.000000, -0.000000, +1.000000, +0.000000),
   (-0.000000, +1.000000, +0.000000, +0.000000),
   (-1.000000, -0.000000, +0.000000, +0.000000),
   (+0.000000, +0.000000, +0.000000, +1.000000),
], [
   (+0.000000, -1.000000, -0.000000, +0.000000),
   (+1.000000, +0.000000, +0.000000, +0.000000),
   (+0.000000, -0.000000, +1.000000, +0.000000),
   (+0.000000, +0.000000, +0.000000, +1.000000),
], [
   (+1.000000, -0.000000, -0.000000, +0.000000),
   (-0.000000, +0.000000, -1.000000, +0.000000),
   (+0.000000, +1.000000, +0.000000, +0.000000),
   (+0.000000, +0.000000, +0.000000, +1.000000),
], [
   (+1.000000, +0.000000, +0.000000, +0.000000),
   (+0.000000, -1.000000, -0.000000, +0.000000),
   (-0.000000, +0.000000, -1.000000, +0.000000),
   (+0.000000, +0.000000, +0.000000, +1.000000),
], [
   (-0.000000, +0.000000, -1.000000, +0.000000),
   (+1.000000, -0.000000, -0.000000, +0.000000),
   (-0.000000, -1.000000, -0.000000, +0.000000),
   (+0.000000, +0.000000, +0.000000, +1.000000),
], [
   (-1.000000, +0.000000, +0.000000, +0.000000),
   (+0.000000, +1.000000, -0.000000, +0.000000),
   (-0.000000, +0.000000, -1.000000, +0.000000),
   (+0.000000, +0.000000, +0.000000, +1.000000),
], [
   (-1.000000, -0.000000, +0.000000, +0.000000),
   (+0.000000, +0.000000, +1.000000, +0.000000),
   (-0.000000, +1.000000, +0.000000, +0.000000),
   (+0.000000, +0.000000, +0.000000, +1.000000),
], [
   (+0.000000, -0.000000, +1.000000, +0.000000),
   (+0.000000, -1.000000, -0.000000, +0.000000),
   (+1.000000, +0.000000, +0.000000, +0.000000),
   (+0.000000, +0.000000, +0.000000, +1.000000),
], [
   (+0.000000, +1.000000, -0.000000, +0.000000),
   (-1.000000, +0.000000, +0.000000, +0.000000),
   (+0.000000, -0.000000, +1.000000, +0.000000),
   (+0.000000, +0.000000, +0.000000, +1.000000),
], [
   (+0.000000, +0.000000, +1.000000, +0.000000),
   (-1.000000, -0.000000, +0.000000, +0.000000),
   (+0.000000, -1.000000, -0.000000, +0.000000),
   (+0.000000, +0.000000, +0.000000, +1.000000),
], [
   (+0.000000, -1.000000, -0.000000, +0.000000),
   (-0.000000, -0.000000, +1.000000, +0.000000),
   (-1.000000, -0.000000, -0.000000, +0.000000),
   (+0.000000, +0.000000, +0.000000, +1.000000),
], [
   (-0.000000, -1.000000, -0.000000, +0.000000),
   (-0.000000, +0.000000, -1.000000, +0.000000),
   (+1.000000, -0.000000, -0.000000, +0.000000),
   (+0.000000, +0.000000, +0.000000, +1.000000),
], [
   (-0.000000, +0.000000, -1.000000, +0.000000),
   (-1.000000, +0.000000, +0.000000, +0.000000),
   (+0.000000, +1.000000, -0.000000, +0.000000),
   (+0.000000, +0.000000, +0.000000, +1.000000),
], [
   (+0.000000, +0.000000, -1.000000, +0.000000),
   (-0.000000, -1.000000, -0.000000, +0.000000),
   (-1.000000, +0.000000, +0.000000, +0.000000),
   (+0.000000, +0.000000, +0.000000, +1.000000),
], [
   (-1.000000, +0.000000, +0.000000, +0.000000),
   (-0.000000, +0.000000, -1.000000, +0.000000),
   (-0.000000, -1.000000, +0.000000, +0.000000),
   (+0.000000, +0.000000, +0.000000, +1.000000),
], [
   (-1.000000, -0.000000, -0.000000, +0.000000),
   (+0.000000, -1.000000, -0.000000, +0.000000),
   (-0.000000, -0.000000, +1.000000, +0.000000),
   (+0.000000, +0.000000, +0.000000, +1.000000),
], [
   (+0.000000, -1.000000, -0.000000, +0.000000),
   (-1.000000, -0.000000, -0.000000, +0.000000),
   (+0.000000, +0.000000, -1.000000, +0.000000),
   (+0.000000, +0.000000, +0.000000, +1.000000),
]])

icosahedral_frames = np.array([[
   (+1.000000, +0.000000, +0.000000, +0.000000),
   (+0.000000, +1.000000, +0.000000, +0.000000),
   (+0.000000, -0.000000, +1.000000, +0.000000),
   (+0.000000, +0.000000, +0.000000, +1.000000),
], [
   (+0.809017, +0.309017, +0.500000, +0.000000),
   (+0.309017, +0.500000, -0.809017, +0.000000),
   (-0.500000, +0.809017, +0.309017, +0.000000),
   (+0.000000, +0.000000, +0.000000, +1.000000),
], [
   (+1.000000, +0.000000, +0.000000, +0.000000),
   (+0.000000, -1.000000, -0.000000, +0.000000),
   (+0.000000, +0.000000, -1.000000, +0.000000),
   (+0.000000, +0.000000, +0.000000, +1.000000),
], [
   (+0.809017, +0.309017, +0.500000, +0.000000),
   (-0.309017, -0.500000, +0.809017, +0.000000),
   (+0.500000, -0.809017, -0.309017, +0.000000),
   (+0.000000, +0.000000, +0.000000, +1.000000),
], [
   (+0.809017, +0.309017, -0.500000, +0.000000),
   (+0.309017, +0.500000, +0.809017, +0.000000),
   (+0.500000, -0.809017, +0.309017, +0.000000),
   (+0.000000, +0.000000, +0.000000, +1.000000),
], [
   (+0.809017, +0.309017, -0.500000, +0.000000),
   (-0.309017, -0.500000, -0.809017, +0.000000),
   (-0.500000, +0.809017, -0.309017, +0.000000),
   (+0.000000, +0.000000, +0.000000, +1.000000),
], [
   (+0.809017, -0.309017, +0.500000, +0.000000),
   (+0.309017, -0.500000, -0.809017, +0.000000),
   (+0.500000, +0.809017, -0.309017, +0.000000),
   (+0.000000, +0.000000, +0.000000, +1.000000),
], [
   (+0.809017, -0.309017, +0.500000, +0.000000),
   (-0.309017, +0.500000, +0.809017, +0.000000),
   (-0.500000, -0.809017, +0.309017, +0.000000),
   (+0.000000, +0.000000, +0.000000, +1.000000),
], [
   (+0.809017, -0.309017, -0.500000, +0.000000),
   (+0.309017, -0.500000, +0.809017, +0.000000),
   (-0.500000, -0.809017, -0.309017, +0.000000),
   (+0.000000, +0.000000, +0.000000, +1.000000),
], [
   (+0.809017, -0.309017, -0.500000, +0.000000),
   (-0.309017, +0.500000, -0.809017, +0.000000),
   (+0.500000, +0.809017, +0.309017, +0.000000),
   (+0.000000, +0.000000, +0.000000, +1.000000),
], [
   (+0.500000, +0.809017, +0.309017, +0.000000),
   (+0.809017, -0.309017, -0.500000, +0.000000),
   (-0.309017, +0.500000, -0.809017, +0.000000),
   (+0.000000, +0.000000, +0.000000, +1.000000),
], [
   (+0.500000, +0.809017, +0.309017, +0.000000),
   (-0.809017, +0.309017, +0.500000, +0.000000),
   (+0.309017, -0.500000, +0.809017, +0.000000),
   (+0.000000, +0.000000, +0.000000, +1.000000),
], [
   (+0.500000, +0.809017, -0.309017, +0.000000),
   (+0.809017, -0.309017, +0.500000, +0.000000),
   (+0.309017, -0.500000, -0.809017, +0.000000),
   (+0.000000, +0.000000, +0.000000, +1.000000),
], [
   (+0.500000, +0.809017, -0.309017, +0.000000),
   (-0.809017, +0.309017, -0.500000, +0.000000),
   (-0.309017, +0.500000, +0.809017, +0.000000),
   (+0.000000, +0.000000, +0.000000, +1.000000),
], [
   (+0.500000, -0.809017, +0.309017, +0.000000),
   (+0.809017, +0.309017, -0.500000, +0.000000),
   (+0.309017, +0.500000, +0.809017, +0.000000),
   (+0.000000, +0.000000, +0.000000, +1.000000),
], [
   (+0.500000, -0.809017, +0.309017, +0.000000),
   (-0.809017, -0.309017, +0.500000, +0.000000),
   (-0.309017, -0.500000, -0.809017, +0.000000),
   (+0.000000, +0.000000, +0.000000, +1.000000),
], [
   (+0.500000, -0.809017, -0.309017, +0.000000),
   (+0.809017, +0.309017, +0.500000, +0.000000),
   (-0.309017, -0.500000, +0.809017, +0.000000),
   (+0.000000, +0.000000, +0.000000, +1.000000),
], [
   (+0.500000, -0.809017, -0.309017, +0.000000),
   (-0.809017, -0.309017, -0.500000, +0.000000),
   (+0.309017, +0.500000, -0.809017, +0.000000),
   (+0.000000, +0.000000, +0.000000, +1.000000),
], [
   (+0.309017, +0.500000, +0.809017, +0.000000),
   (+0.500000, -0.809017, +0.309017, +0.000000),
   (+0.809017, +0.309017, -0.500000, +0.000000),
   (+0.000000, +0.000000, +0.000000, +1.000000),
], [
   (+0.309017, +0.500000, +0.809017, +0.000000),
   (-0.500000, +0.809017, -0.309017, +0.000000),
   (-0.809017, -0.309017, +0.500000, +0.000000),
   (+0.000000, +0.000000, +0.000000, +1.000000),
], [
   (+0.309017, +0.500000, -0.809017, +0.000000),
   (+0.500000, -0.809017, -0.309017, +0.000000),
   (-0.809017, -0.309017, -0.500000, +0.000000),
   (+0.000000, +0.000000, +0.000000, +1.000000),
], [
   (+0.309017, +0.500000, -0.809017, +0.000000),
   (-0.500000, +0.809017, +0.309017, +0.000000),
   (+0.809017, +0.309017, +0.500000, +0.000000),
   (+0.000000, +0.000000, +0.000000, +1.000000),
], [
   (+0.309017, -0.500000, +0.809017, +0.000000),
   (+0.500000, +0.809017, +0.309017, +0.000000),
   (-0.809017, +0.309017, +0.500000, +0.000000),
   (+0.000000, +0.000000, +0.000000, +1.000000),
], [
   (+0.309017, -0.500000, +0.809017, +0.000000),
   (-0.500000, -0.809017, -0.309017, +0.000000),
   (+0.809017, -0.309017, -0.500000, +0.000000),
   (+0.000000, +0.000000, +0.000000, +1.000000),
], [
   (+0.309017, -0.500000, -0.809017, +0.000000),
   (+0.500000, +0.809017, -0.309017, +0.000000),
   (+0.809017, -0.309017, +0.500000, +0.000000),
   (+0.000000, +0.000000, +0.000000, +1.000000),
], [
   (+0.309017, -0.500000, -0.809017, +0.000000),
   (-0.500000, -0.809017, +0.309017, +0.000000),
   (-0.809017, +0.309017, -0.500000, +0.000000),
   (+0.000000, +0.000000, +0.000000, +1.000000),
], [
   (+0.000000, +1.000000, +0.000000, +0.000000),
   (+0.000000, -0.000000, +1.000000, +0.000000),
   (+1.000000, -0.000000, -0.000000, +0.000000),
   (+0.000000, +0.000000, +0.000000, +1.000000),
], [
   (+0.000000, +1.000000, +0.000000, +0.000000),
   (-0.000000, +0.000000, -1.000000, +0.000000),
   (-1.000000, +0.000000, +0.000000, +0.000000),
   (+0.000000, +0.000000, +0.000000, +1.000000),
], [
   (+0.000000, +0.000000, +1.000000, +0.000000),
   (+1.000000, -0.000000, -0.000000, +0.000000),
   (+0.000000, +1.000000, -0.000000, +0.000000),
   (+0.000000, +0.000000, +0.000000, +1.000000),
], [
   (+0.000000, +0.000000, +1.000000, +0.000000),
   (-1.000000, +0.000000, +0.000000, +0.000000),
   (-0.000000, -1.000000, +0.000000, +0.000000),
   (+0.000000, +0.000000, +0.000000, +1.000000),
], [
   (+0.000000, -1.000000, +0.000000, +0.000000),
   (+0.000000, +0.000000, +1.000000, +0.000000),
   (-1.000000, -0.000000, +0.000000, +0.000000),
   (+0.000000, +0.000000, +0.000000, +1.000000),
], [
   (+0.000000, -1.000000, +0.000000, +0.000000),
   (-0.000000, -0.000000, -1.000000, +0.000000),
   (+1.000000, +0.000000, -0.000000, +0.000000),
   (+0.000000, +0.000000, +0.000000, +1.000000),
], [
   (+0.000000, -0.000000, -1.000000, +0.000000),
   (+1.000000, +0.000000, +0.000000, +0.000000),
   (+0.000000, -1.000000, +0.000000, +0.000000),
   (+0.000000, +0.000000, +0.000000, +1.000000),
], [
   (+0.000000, -0.000000, -1.000000, +0.000000),
   (-1.000000, -0.000000, -0.000000, +0.000000),
   (-0.000000, +1.000000, -0.000000, +0.000000),
   (+0.000000, +0.000000, +0.000000, +1.000000),
], [
   (-1.000000, -0.000000, +0.000000, +0.000000),
   (+0.000000, -1.000000, -0.000000, +0.000000),
   (+0.000000, +0.000000, +1.000000, +0.000000),
   (+0.000000, +0.000000, +0.000000, +1.000000),
], [
   (-1.000000, -0.000000, +0.000000, +0.000000),
   (-0.000000, +1.000000, +0.000000, +0.000000),
   (-0.000000, -0.000000, -1.000000, +0.000000),
   (+0.000000, +0.000000, +0.000000, +1.000000),
], [
   (-0.809017, +0.309017, +0.500000, +0.000000),
   (+0.309017, -0.500000, +0.809017, +0.000000),
   (+0.500000, +0.809017, +0.309017, +0.000000),
   (+0.000000, +0.000000, +0.000000, +1.000000),
], [
   (-0.809017, +0.309017, +0.500000, +0.000000),
   (-0.309017, +0.500000, -0.809017, +0.000000),
   (-0.500000, -0.809017, -0.309017, +0.000000),
   (+0.000000, +0.000000, +0.000000, +1.000000),
], [
   (-0.809017, +0.309017, -0.500000, +0.000000),
   (+0.309017, -0.500000, -0.809017, +0.000000),
   (-0.500000, -0.809017, +0.309017, +0.000000),
   (+0.000000, +0.000000, +0.000000, +1.000000),
], [
   (-0.809017, +0.309017, -0.500000, +0.000000),
   (-0.309017, +0.500000, +0.809017, +0.000000),
   (+0.500000, +0.809017, -0.309017, +0.000000),
   (+0.000000, +0.000000, +0.000000, +1.000000),
], [
   (-0.809017, -0.309017, +0.500000, +0.000000),
   (+0.309017, +0.500000, +0.809017, +0.000000),
   (-0.500000, +0.809017, -0.309017, +0.000000),
   (+0.000000, +0.000000, +0.000000, +1.000000),
], [
   (-0.809017, -0.309017, +0.500000, +0.000000),
   (-0.309017, -0.500000, -0.809017, +0.000000),
   (+0.500000, -0.809017, +0.309017, +0.000000),
   (+0.000000, +0.000000, +0.000000, +1.000000),
], [
   (-0.809017, -0.309017, -0.500000, +0.000000),
   (+0.309017, +0.500000, -0.809017, +0.000000),
   (+0.500000, -0.809017, -0.309017, +0.000000),
   (+0.000000, +0.000000, +0.000000, +1.000000),
], [
   (-0.809017, -0.309017, -0.500000, +0.000000),
   (-0.309017, -0.500000, +0.809017, +0.000000),
   (-0.500000, +0.809017, +0.309017, +0.000000),
   (+0.000000, +0.000000, +0.000000, +1.000000),
], [
   (-0.500000, +0.809017, +0.309017, +0.000000),
   (+0.809017, +0.309017, +0.500000, +0.000000),
   (+0.309017, +0.500000, -0.809017, +0.000000),
   (+0.000000, +0.000000, +0.000000, +1.000000),
], [
   (-0.500000, +0.809017, +0.309017, +0.000000),
   (-0.809017, -0.309017, -0.500000, +0.000000),
   (-0.309017, -0.500000, +0.809017, +0.000000),
   (+0.000000, +0.000000, +0.000000, +1.000000),
], [
   (-0.500000, +0.809017, -0.309017, +0.000000),
   (+0.809017, +0.309017, -0.500000, +0.000000),
   (-0.309017, -0.500000, -0.809017, +0.000000),
   (+0.000000, +0.000000, +0.000000, +1.000000),
], [
   (-0.500000, +0.809017, -0.309017, +0.000000),
   (-0.809017, -0.309017, +0.500000, +0.000000),
   (+0.309017, +0.500000, +0.809017, +0.000000),
   (+0.000000, +0.000000, +0.000000, +1.000000),
], [
   (-0.500000, -0.809017, +0.309017, +0.000000),
   (+0.809017, -0.309017, +0.500000, +0.000000),
   (-0.309017, +0.500000, +0.809017, +0.000000),
   (+0.000000, +0.000000, +0.000000, +1.000000),
], [
   (-0.500000, -0.809017, +0.309017, +0.000000),
   (-0.809017, +0.309017, -0.500000, +0.000000),
   (+0.309017, -0.500000, -0.809017, +0.000000),
   (+0.000000, +0.000000, +0.000000, +1.000000),
], [
   (-0.500000, -0.809017, -0.309017, +0.000000),
   (+0.809017, -0.309017, -0.500000, +0.000000),
   (+0.309017, -0.500000, +0.809017, +0.000000),
   (+0.000000, +0.000000, +0.000000, +1.000000),
], [
   (-0.500000, -0.809017, -0.309017, +0.000000),
   (-0.809017, +0.309017, +0.500000, +0.000000),
   (-0.309017, +0.500000, -0.809017, +0.000000),
   (+0.000000, +0.000000, +0.000000, +1.000000),
], [
   (-0.309017, +0.500000, +0.809017, +0.000000),
   (+0.500000, +0.809017, -0.309017, +0.000000),
   (-0.809017, +0.309017, -0.500000, +0.000000),
   (+0.000000, +0.000000, +0.000000, +1.000000),
], [
   (-0.309017, +0.500000, +0.809017, +0.000000),
   (-0.500000, -0.809017, +0.309017, +0.000000),
   (+0.809017, -0.309017, +0.500000, +0.000000),
   (+0.000000, +0.000000, +0.000000, +1.000000),
], [
   (-0.309017, +0.500000, -0.809017, +0.000000),
   (+0.500000, +0.809017, +0.309017, +0.000000),
   (+0.809017, -0.309017, -0.500000, +0.000000),
   (+0.000000, +0.000000, +0.000000, +1.000000),
], [
   (-0.309017, +0.500000, -0.809017, +0.000000),
   (-0.500000, -0.809017, -0.309017, +0.000000),
   (-0.809017, +0.309017, +0.500000, +0.000000),
   (+0.000000, +0.000000, +0.000000, +1.000000),
], [
   (-0.309017, -0.500000, +0.809017, +0.000000),
   (+0.500000, -0.809017, -0.309017, +0.000000),
   (+0.809017, +0.309017, +0.500000, +0.000000),
   (+0.000000, +0.000000, +0.000000, +1.000000),
], [
   (-0.309017, -0.500000, +0.809017, +0.000000),
   (-0.500000, +0.809017, +0.309017, +0.000000),
   (-0.809017, -0.309017, -0.500000, +0.000000),
   (+0.000000, +0.000000, +0.000000, +1.000000),
], [
   (-0.309017, -0.500000, -0.809017, +0.000000),
   (+0.500000, -0.809017, +0.309017, +0.000000),
   (-0.809017, -0.309017, +0.500000, +0.000000),
   (+0.000000, +0.000000, +0.000000, +1.000000),
], [
   (-0.309017, -0.500000, -0.809017, +0.000000),
   (-0.500000, +0.809017, -0.309017, +0.000000),
   (+0.809017, +0.309017, -0.500000, +0.000000),
   (+0.000000, +0.000000, +0.000000, +1.000000),
]])

tet_symmatrix = np.array([
   [0, 1, 2, 3, 8, 11, 9, 10, 4, 6, 7, 5],
   [1, 0, 3, 2, 9, 10, 8, 11, 5, 7, 6, 4],
   [2, 3, 0, 1, 10, 9, 11, 8, 6, 4, 5, 7],
   [3, 2, 1, 0, 11, 8, 10, 9, 7, 5, 4, 6],
   [4, 6, 7, 5, 0, 1, 2, 3, 8, 11, 9, 10],
   [5, 7, 6, 4, 1, 0, 3, 2, 9, 10, 8, 11],
   [6, 4, 5, 7, 2, 3, 0, 1, 10, 9, 11, 8],
   [7, 5, 4, 6, 3, 2, 1, 0, 11, 8, 10, 9],
   [8, 11, 9, 10, 4, 6, 7, 5, 0, 1, 2, 3],
   [9, 10, 8, 11, 5, 7, 6, 4, 1, 0, 3, 2],
   [10, 9, 11, 8, 6, 4, 5, 7, 2, 3, 0, 1],
   [11, 8, 10, 9, 7, 5, 4, 6, 3, 2, 1, 0],
])
tet_Rs = np.array([
   [[+1, 0, 0], [0, +1, 0], [0, 0, +1]],
   [[-1, 0, 0], [0, -1, 0], [0, 0, +1]],
   [[-1, 0, 0], [0, +1, 0], [0, 0, -1]],
   [[+1, 0, 0], [0, -1, 0], [0, 0, -1]],
   [[0, 0, +1], [+1, 0, 0], [0, +1, 0]],
   [[0, 0, +1], [-1, 0, 0], [0, -1, 0]],
   [[0, 0, -1], [-1, 0, 0], [0, +1, 0]],
   [[0, 0, -1], [+1, 0, 0], [0, -1, 0]],
   [[0, +1, 0], [0, 0, +1], [+1, 0, 0]],
   [[0, -1, 0], [0, 0, +1], [-1, 0, 0]],
   [[0, +1, 0], [0, 0, -1], [-1, 0, 0]],
   [[0, -1, 0], [0, 0, -1], [+1, 0, 0]],
])

oct_symmatrix = np.array([[0, 1, 2, 3, 8, 11, 9, 10, 4, 6, 7, 5, 12, 13, 15, 14, 19, 17, 18, 16, 22, 21, 20, 23], [1, 0, 3, 2, 9, 10, 8, 11, 5, 7, 6, 4, 13, 12, 14, 15, 18, 16, 19, 17, 23, 20, 21, 22], [2, 3, 0, 1, 10, 9, 11, 8, 6, 4, 5, 7, 14, 15, 13, 12, 17, 19, 16, 18, 20, 23, 22, 21], [3, 2, 1, 0, 11, 8, 10, 9, 7, 5, 4, 6, 15, 14, 12, 13, 16, 18, 17, 19, 21, 22, 23, 20], [4, 6, 7, 5, 0, 1, 2, 3, 8, 11, 9, 10, 16, 18, 17, 19, 21, 22, 23, 20, 15, 14, 12, 13], [5, 7, 6, 4, 1, 0, 3, 2, 9, 10, 8, 11, 17, 19, 16, 18, 20, 23, 22, 21, 14, 15, 13, 12], [6, 4, 5, 7, 2, 3, 0, 1, 10, 9, 11, 8, 18, 16, 19, 17, 23, 20, 21, 22, 13, 12, 14, 15], [7, 5, 4, 6, 3, 2, 1, 0, 11, 8, 10, 9, 19, 17, 18, 16, 22, 21, 20, 23, 12, 13, 15, 14], [8, 11, 9, 10, 4, 6, 7, 5, 0, 1, 2, 3, 20, 23, 22, 21, 14, 15, 13, 12, 17, 19, 16, 18], [9, 10, 8, 11, 5, 7, 6, 4, 1, 0, 3, 2, 21, 22, 23, 20, 15, 14, 12, 13, 16, 18, 17, 19], [10, 9, 11, 8, 6, 4, 5, 7, 2, 3, 0, 1, 22, 21, 20, 23, 12, 13, 15, 14, 19, 17, 18, 16], [11, 8, 10, 9, 7, 5, 4, 6, 3, 2, 1, 0, 23, 20, 21, 22, 13, 12, 14, 15, 18, 16, 19, 17], [12, 13, 15, 14, 19, 17, 18, 16, 22, 21, 20, 23, 0, 1, 2, 3, 8, 11, 9, 10, 4, 6, 7, 5], [13, 12, 14, 15, 18, 16, 19, 17, 23, 20, 21, 22, 1, 0, 3, 2, 9, 10, 8, 11, 5, 7, 6, 4], [14, 15, 13, 12, 17, 19, 16, 18, 20, 23, 22, 21, 2, 3, 0, 1, 10, 9, 11, 8, 6, 4, 5, 7], [15, 14, 12, 13, 16, 18, 17, 19, 21, 22, 23, 20, 3, 2, 1, 0, 11, 8, 10, 9, 7, 5, 4, 6], [16, 18, 17, 19, 21, 22, 23, 20, 15, 14, 12, 13, 4, 6, 7, 5, 0, 1, 2, 3, 8, 11, 9, 10], [17, 19, 16, 18, 20, 23, 22, 21, 14, 15, 13, 12, 5, 7, 6, 4, 1, 0, 3, 2, 9, 10, 8, 11], [18, 16, 19, 17, 23, 20, 21, 22, 13, 12, 14, 15, 6, 4, 5, 7, 2, 3, 0, 1, 10, 9, 11, 8], [19, 17, 18, 16, 22, 21, 20, 23, 12, 13, 15, 14, 7, 5, 4, 6, 3, 2, 1, 0, 11, 8, 10, 9], [20, 23, 22, 21, 14, 15, 13, 12, 17, 19, 16, 18, 8, 11, 9, 10, 4, 6, 7, 5, 0, 1, 2, 3], [21, 22, 23, 20, 15, 14, 12, 13, 16, 18, 17, 19, 9, 10, 8, 11, 5, 7, 6, 4, 1, 0, 3, 2], [22, 21, 20, 23, 12, 13, 15, 14, 19, 17, 18, 16, 10, 9, 11, 8, 6, 4, 5, 7, 2, 3, 0, 1], [23, 20, 21, 22, 13, 12, 14, 15, 18, 16, 19, 17, 11, 8, 10, 9, 7, 5, 4, 6, 3, 2, 1, 0]])
oct_Rs = np.zeros((24, 3, 3))
oct_Rs[0] = np.array([[1, 0, 0], [0, 1, 0], [0, 0, 1]])
oct_Rs[1] = np.array([[-1, 0, 0], [0, -1, 0], [0, 0, 1]])
oct_Rs[2] = np.array([[-1, 0, 0], [0, 1, 0], [0, 0, -1]])
oct_Rs[3] = np.array([[1, 0, 0], [0, -1, 0], [0, 0, -1]])
oct_Rs[4] = np.array([[0, 0, 1], [1, 0, 0], [0, 1, 0]])
oct_Rs[5] = np.array([[0, 0, 1], [-1, 0, 0], [0, -1, 0]])
oct_Rs[6] = np.array([[0, 0, -1], [-1, 0, 0], [0, 1, 0]])
oct_Rs[7] = np.array([[0, 0, -1], [1, 0, 0], [0, -1, 0]])
oct_Rs[8] = np.array([[0, 1, 0], [0, 0, 1], [1, 0, 0]])
oct_Rs[9] = np.array([[0, -1, 0], [0, 0, 1], [-1, 0, 0]])
oct_Rs[10] = np.array([[0, 1, 0], [0, 0, -1], [-1, 0, 0]])
oct_Rs[11] = np.array([[0, -1, 0], [0, 0, -1], [1, 0, 0]])
oct_Rs[12] = np.array([[0, 1, 0], [1, 0, 0], [0, 0, -1]])
oct_Rs[13] = np.array([[0, -1, 0], [-1, 0, 0], [0, 0, -1]])
oct_Rs[14] = np.array([[0, 1, 0], [-1, 0, 0], [0, 0, 1]])
oct_Rs[15] = np.array([[0, -1, 0], [1, 0, 0], [0, 0, 1]])
oct_Rs[16] = np.array([[1, 0, 0], [0, 0, 1], [0, -1, 0]])
oct_Rs[17] = np.array([[-1, 0, 0], [0, 0, 1], [0, 1, 0]])
oct_Rs[18] = np.array([[-1, 0, 0], [0, 0, -1], [0, -1, 0]])
oct_Rs[19] = np.array([[1, 0, 0], [0, 0, -1], [0, 1, 0]])
oct_Rs[20] = np.array([[0, 0, 1], [0, 1, 0], [-1, 0, 0]])
oct_Rs[21] = np.array([[0, 0, 1], [0, -1, 0], [1, 0, 0]])
oct_Rs[22] = np.array([[0, 0, -1], [0, 1, 0], [1, 0, 0]])
oct_Rs[23] = np.array([[0, 0, -1], [0, -1, 0], [-1, 0, 0]])

icos_symmatrix = np.array([
   [0, 4, 3, 2, 1, 5, 33, 49, 41, 22, 10, 27, 51, 59, 38, 15, 16, 17, 18, 19, 40, 21, 9, 32, 48, 55, 39, 11, 28, 52, 45, 42, 23, 6, 34, 50, 58, 37, 14, 26, 20, 8, 31, 47, 44, 30, 46, 43, 24, 7, 35, 12, 29, 53, 56, 25, 54, 57, 36, 13],
   [1, 0, 4, 3, 2, 6, 34, 45, 42, 23, 11, 28, 52, 55, 39, 16, 17, 18, 19, 15, 41, 22, 5, 33, 49, 56, 35, 12, 29, 53, 46, 43, 24, 7, 30, 51, 59, 38, 10, 27, 21, 9, 32, 48, 40, 31, 47, 44, 20, 8, 36, 13, 25, 54, 57, 26, 50, 58, 37, 14],
   [2, 1, 0, 4, 3, 7, 30, 46, 43, 24, 12, 29, 53, 56, 35, 17, 18, 19, 15, 16, 42, 23, 6, 34, 45, 57, 36, 13, 25, 54, 47, 44, 20, 8, 31, 52, 55, 39, 11, 28, 22, 5, 33, 49, 41, 32, 48, 40, 21, 9, 37, 14, 26, 50, 58, 27, 51, 59, 38, 10],
   [3, 2, 1, 0, 4, 8, 31, 47, 44, 20, 13, 25, 54, 57, 36, 18, 19, 15, 16, 17, 43, 24, 7, 30, 46, 58, 37, 14, 26, 50, 48, 40, 21, 9, 32, 53, 56, 35, 12, 29, 23, 6, 34, 45, 42, 33, 49, 41, 22, 5, 38, 10, 27, 51, 59, 28, 52, 55, 39, 11],
   [4, 3, 2, 1, 0, 9, 32, 48, 40, 21, 14, 26, 50, 58, 37, 19, 15, 16, 17, 18, 44, 20, 8, 31, 47, 59, 38, 10, 27, 51, 49, 41, 22, 5, 33, 54, 57, 36, 13, 25, 24, 7, 30, 46, 43, 34, 45, 42, 23, 6, 39, 11, 28, 52, 55, 29, 53, 56, 35, 12],
   [5, 33, 49, 41, 22, 0, 4, 3, 2, 1, 15, 16, 17, 18, 19, 10, 27, 51, 59, 38, 45, 42, 23, 6, 34, 50, 58, 37, 14, 26, 40, 21, 9, 32, 48, 55, 39, 11, 28, 52, 25, 54, 57, 36, 13, 35, 12, 29, 53, 56, 30, 46, 43, 24, 7, 20, 8, 31, 47, 44],
   [6, 34, 45, 42, 23, 1, 0, 4, 3, 2, 16, 17, 18, 19, 15, 11, 28, 52, 55, 39, 46, 43, 24, 7, 30, 51, 59, 38, 10, 27, 41, 22, 5, 33, 49, 56, 35, 12, 29, 53, 26, 50, 58, 37, 14, 36, 13, 25, 54, 57, 31, 47, 44, 20, 8, 21, 9, 32, 48, 40],
   [7, 30, 46, 43, 24, 2, 1, 0, 4, 3, 17, 18, 19, 15, 16, 12, 29, 53, 56, 35, 47, 44, 20, 8, 31, 52, 55, 39, 11, 28, 42, 23, 6, 34, 45, 57, 36, 13, 25, 54, 27, 51, 59, 38, 10, 37, 14, 26, 50, 58, 32, 48, 40, 21, 9, 22, 5, 33, 49, 41],
   [8, 31, 47, 44, 20, 3, 2, 1, 0, 4, 18, 19, 15, 16, 17, 13, 25, 54, 57, 36, 48, 40, 21, 9, 32, 53, 56, 35, 12, 29, 43, 24, 7, 30, 46, 58, 37, 14, 26, 50, 28, 52, 55, 39, 11, 38, 10, 27, 51, 59, 33, 49, 41, 22, 5, 23, 6, 34, 45, 42],
   [9, 32, 48, 40, 21, 4, 3, 2, 1, 0, 19, 15, 16, 17, 18, 14, 26, 50, 58, 37, 49, 41, 22, 5, 33, 54, 57, 36, 13, 25, 44, 20, 8, 31, 47, 59, 38, 10, 27, 51, 29, 53, 56, 35, 12, 39, 11, 28, 52, 55, 34, 45, 42, 23, 6, 24, 7, 30, 46, 43],
   [10, 27, 51, 59, 38, 15, 16, 17, 18, 19, 0, 4, 3, 2, 1, 5, 33, 49, 41, 22, 50, 58, 37, 14, 26, 45, 42, 23, 6, 34, 55, 39, 11, 28, 52, 40, 21, 9, 32, 48, 30, 46, 43, 24, 7, 20, 8, 31, 47, 44, 25, 54, 57, 36, 13, 35, 12, 29, 53, 56],
   [11, 28, 52, 55, 39, 16, 17, 18, 19, 15, 1, 0, 4, 3, 2, 6, 34, 45, 42, 23, 51, 59, 38, 10, 27, 46, 43, 24, 7, 30, 56, 35, 12, 29, 53, 41, 22, 5, 33, 49, 31, 47, 44, 20, 8, 21, 9, 32, 48, 40, 26, 50, 58, 37, 14, 36, 13, 25, 54, 57],
   [12, 29, 53, 56, 35, 17, 18, 19, 15, 16, 2, 1, 0, 4, 3, 7, 30, 46, 43, 24, 52, 55, 39, 11, 28, 47, 44, 20, 8, 31, 57, 36, 13, 25, 54, 42, 23, 6, 34, 45, 32, 48, 40, 21, 9, 22, 5, 33, 49, 41, 27, 51, 59, 38, 10, 37, 14, 26, 50, 58],
   [13, 25, 54, 57, 36, 18, 19, 15, 16, 17, 3, 2, 1, 0, 4, 8, 31, 47, 44, 20, 53, 56, 35, 12, 29, 48, 40, 21, 9, 32, 58, 37, 14, 26, 50, 43, 24, 7, 30, 46, 33, 49, 41, 22, 5, 23, 6, 34, 45, 42, 28, 52, 55, 39, 11, 38, 10, 27, 51, 59],
   [14, 26, 50, 58, 37, 19, 15, 16, 17, 18, 4, 3, 2, 1, 0, 9, 32, 48, 40, 21, 54, 57, 36, 13, 25, 49, 41, 22, 5, 33, 59, 38, 10, 27, 51, 44, 20, 8, 31, 47, 34, 45, 42, 23, 6, 24, 7, 30, 46, 43, 29, 53, 56, 35, 12, 39, 11, 28, 52, 55],
   [15, 16, 17, 18, 19, 10, 27, 51, 59, 38, 5, 33, 49, 41, 22, 0, 4, 3, 2, 1, 55, 39, 11, 28, 52, 40, 21, 9, 32, 48, 50, 58, 37, 14, 26, 45, 42, 23, 6, 34, 35, 12, 29, 53, 56, 25, 54, 57, 36, 13, 20, 8, 31, 47, 44, 30, 46, 43, 24, 7],
   [16, 17, 18, 19, 15, 11, 28, 52, 55, 39, 6, 34, 45, 42, 23, 1, 0, 4, 3, 2, 56, 35, 12, 29, 53, 41, 22, 5, 33, 49, 51, 59, 38, 10, 27, 46, 43, 24, 7, 30, 36, 13, 25, 54, 57, 26, 50, 58, 37, 14, 21, 9, 32, 48, 40, 31, 47, 44, 20, 8],
   [17, 18, 19, 15, 16, 12, 29, 53, 56, 35, 7, 30, 46, 43, 24, 2, 1, 0, 4, 3, 57, 36, 13, 25, 54, 42, 23, 6, 34, 45, 52, 55, 39, 11, 28, 47, 44, 20, 8, 31, 37, 14, 26, 50, 58, 27, 51, 59, 38, 10, 22, 5, 33, 49, 41, 32, 48, 40, 21, 9],
   [18, 19, 15, 16, 17, 13, 25, 54, 57, 36, 8, 31, 47, 44, 20, 3, 2, 1, 0, 4, 58, 37, 14, 26, 50, 43, 24, 7, 30, 46, 53, 56, 35, 12, 29, 48, 40, 21, 9, 32, 38, 10, 27, 51, 59, 28, 52, 55, 39, 11, 23, 6, 34, 45, 42, 33, 49, 41, 22, 5],
   [19, 15, 16, 17, 18, 14, 26, 50, 58, 37, 9, 32, 48, 40, 21, 4, 3, 2, 1, 0, 59, 38, 10, 27, 51, 44, 20, 8, 31, 47, 54, 57, 36, 13, 25, 49, 41, 22, 5, 33, 39, 11, 28, 52, 55, 29, 53, 56, 35, 12, 24, 7, 30, 46, 43, 34, 45, 42, 23, 6],
   [20, 8, 31, 47, 44, 30, 46, 43, 24, 7, 35, 12, 29, 53, 56, 25, 54, 57, 36, 13, 0, 4, 3, 2, 1, 5, 33, 49, 41, 22, 10, 27, 51, 59, 38, 15, 16, 17, 18, 19, 40, 21, 9, 32, 48, 55, 39, 11, 28, 52, 45, 42, 23, 6, 34, 50, 58, 37, 14, 26],
   [21, 9, 32, 48, 40, 31, 47, 44, 20, 8, 36, 13, 25, 54, 57, 26, 50, 58, 37, 14, 1, 0, 4, 3, 2, 6, 34, 45, 42, 23, 11, 28, 52, 55, 39, 16, 17, 18, 19, 15, 41, 22, 5, 33, 49, 56, 35, 12, 29, 53, 46, 43, 24, 7, 30, 51, 59, 38, 10, 27],
   [22, 5, 33, 49, 41, 32, 48, 40, 21, 9, 37, 14, 26, 50, 58, 27, 51, 59, 38, 10, 2, 1, 0, 4, 3, 7, 30, 46, 43, 24, 12, 29, 53, 56, 35, 17, 18, 19, 15, 16, 42, 23, 6, 34, 45, 57, 36, 13, 25, 54, 47, 44, 20, 8, 31, 52, 55, 39, 11, 28],
   [23, 6, 34, 45, 42, 33, 49, 41, 22, 5, 38, 10, 27, 51, 59, 28, 52, 55, 39, 11, 3, 2, 1, 0, 4, 8, 31, 47, 44, 20, 13, 25, 54, 57, 36, 18, 19, 15, 16, 17, 43, 24, 7, 30, 46, 58, 37, 14, 26, 50, 48, 40, 21, 9, 32, 53, 56, 35, 12, 29],
   [24, 7, 30, 46, 43, 34, 45, 42, 23, 6, 39, 11, 28, 52, 55, 29, 53, 56, 35, 12, 4, 3, 2, 1, 0, 9, 32, 48, 40, 21, 14, 26, 50, 58, 37, 19, 15, 16, 17, 18, 44, 20, 8, 31, 47, 59, 38, 10, 27, 51, 49, 41, 22, 5, 33, 54, 57, 36, 13, 25],
   [25, 54, 57, 36, 13, 35, 12, 29, 53, 56, 30, 46, 43, 24, 7, 20, 8, 31, 47, 44, 5, 33, 49, 41, 22, 0, 4, 3, 2, 1, 15, 16, 17, 18, 19, 10, 27, 51, 59, 38, 45, 42, 23, 6, 34, 50, 58, 37, 14, 26, 40, 21, 9, 32, 48, 55, 39, 11, 28, 52],
   [26, 50, 58, 37, 14, 36, 13, 25, 54, 57, 31, 47, 44, 20, 8, 21, 9, 32, 48, 40, 6, 34, 45, 42, 23, 1, 0, 4, 3, 2, 16, 17, 18, 19, 15, 11, 28, 52, 55, 39, 46, 43, 24, 7, 30, 51, 59, 38, 10, 27, 41, 22, 5, 33, 49, 56, 35, 12, 29, 53],
   [27, 51, 59, 38, 10, 37, 14, 26, 50, 58, 32, 48, 40, 21, 9, 22, 5, 33, 49, 41, 7, 30, 46, 43, 24, 2, 1, 0, 4, 3, 17, 18, 19, 15, 16, 12, 29, 53, 56, 35, 47, 44, 20, 8, 31, 52, 55, 39, 11, 28, 42, 23, 6, 34, 45, 57, 36, 13, 25, 54],
   [28, 52, 55, 39, 11, 38, 10, 27, 51, 59, 33, 49, 41, 22, 5, 23, 6, 34, 45, 42, 8, 31, 47, 44, 20, 3, 2, 1, 0, 4, 18, 19, 15, 16, 17, 13, 25, 54, 57, 36, 48, 40, 21, 9, 32, 53, 56, 35, 12, 29, 43, 24, 7, 30, 46, 58, 37, 14, 26, 50],
   [29, 53, 56, 35, 12, 39, 11, 28, 52, 55, 34, 45, 42, 23, 6, 24, 7, 30, 46, 43, 9, 32, 48, 40, 21, 4, 3, 2, 1, 0, 19, 15, 16, 17, 18, 14, 26, 50, 58, 37, 49, 41, 22, 5, 33, 54, 57, 36, 13, 25, 44, 20, 8, 31, 47, 59, 38, 10, 27, 51],
   [30, 46, 43, 24, 7, 20, 8, 31, 47, 44, 25, 54, 57, 36, 13, 35, 12, 29, 53, 56, 10, 27, 51, 59, 38, 15, 16, 17, 18, 19, 0, 4, 3, 2, 1, 5, 33, 49, 41, 22, 50, 58, 37, 14, 26, 45, 42, 23, 6, 34, 55, 39, 11, 28, 52, 40, 21, 9, 32, 48],
   [31, 47, 44, 20, 8, 21, 9, 32, 48, 40, 26, 50, 58, 37, 14, 36, 13, 25, 54, 57, 11, 28, 52, 55, 39, 16, 17, 18, 19, 15, 1, 0, 4, 3, 2, 6, 34, 45, 42, 23, 51, 59, 38, 10, 27, 46, 43, 24, 7, 30, 56, 35, 12, 29, 53, 41, 22, 5, 33, 49],
   [32, 48, 40, 21, 9, 22, 5, 33, 49, 41, 27, 51, 59, 38, 10, 37, 14, 26, 50, 58, 12, 29, 53, 56, 35, 17, 18, 19, 15, 16, 2, 1, 0, 4, 3, 7, 30, 46, 43, 24, 52, 55, 39, 11, 28, 47, 44, 20, 8, 31, 57, 36, 13, 25, 54, 42, 23, 6, 34, 45],
   [33, 49, 41, 22, 5, 23, 6, 34, 45, 42, 28, 52, 55, 39, 11, 38, 10, 27, 51, 59, 13, 25, 54, 57, 36, 18, 19, 15, 16, 17, 3, 2, 1, 0, 4, 8, 31, 47, 44, 20, 53, 56, 35, 12, 29, 48, 40, 21, 9, 32, 58, 37, 14, 26, 50, 43, 24, 7, 30, 46],
   [34, 45, 42, 23, 6, 24, 7, 30, 46, 43, 29, 53, 56, 35, 12, 39, 11, 28, 52, 55, 14, 26, 50, 58, 37, 19, 15, 16, 17, 18, 4, 3, 2, 1, 0, 9, 32, 48, 40, 21, 54, 57, 36, 13, 25, 49, 41, 22, 5, 33, 59, 38, 10, 27, 51, 44, 20, 8, 31, 47],
   [35, 12, 29, 53, 56, 25, 54, 57, 36, 13, 20, 8, 31, 47, 44, 30, 46, 43, 24, 7, 15, 16, 17, 18, 19, 10, 27, 51, 59, 38, 5, 33, 49, 41, 22, 0, 4, 3, 2, 1, 55, 39, 11, 28, 52, 40, 21, 9, 32, 48, 50, 58, 37, 14, 26, 45, 42, 23, 6, 34],
   [36, 13, 25, 54, 57, 26, 50, 58, 37, 14, 21, 9, 32, 48, 40, 31, 47, 44, 20, 8, 16, 17, 18, 19, 15, 11, 28, 52, 55, 39, 6, 34, 45, 42, 23, 1, 0, 4, 3, 2, 56, 35, 12, 29, 53, 41, 22, 5, 33, 49, 51, 59, 38, 10, 27, 46, 43, 24, 7, 30],
   [37, 14, 26, 50, 58, 27, 51, 59, 38, 10, 22, 5, 33, 49, 41, 32, 48, 40, 21, 9, 17, 18, 19, 15, 16, 12, 29, 53, 56, 35, 7, 30, 46, 43, 24, 2, 1, 0, 4, 3, 57, 36, 13, 25, 54, 42, 23, 6, 34, 45, 52, 55, 39, 11, 28, 47, 44, 20, 8, 31],
   [38, 10, 27, 51, 59, 28, 52, 55, 39, 11, 23, 6, 34, 45, 42, 33, 49, 41, 22, 5, 18, 19, 15, 16, 17, 13, 25, 54, 57, 36, 8, 31, 47, 44, 20, 3, 2, 1, 0, 4, 58, 37, 14, 26, 50, 43, 24, 7, 30, 46, 53, 56, 35, 12, 29, 48, 40, 21, 9, 32],
   [39, 11, 28, 52, 55, 29, 53, 56, 35, 12, 24, 7, 30, 46, 43, 34, 45, 42, 23, 6, 19, 15, 16, 17, 18, 14, 26, 50, 58, 37, 9, 32, 48, 40, 21, 4, 3, 2, 1, 0, 59, 38, 10, 27, 51, 44, 20, 8, 31, 47, 54, 57, 36, 13, 25, 49, 41, 22, 5, 33],
   [40, 21, 9, 32, 48, 55, 39, 11, 28, 52, 45, 42, 23, 6, 34, 50, 58, 37, 14, 26, 20, 8, 31, 47, 44, 30, 46, 43, 24, 7, 35, 12, 29, 53, 56, 25, 54, 57, 36, 13, 0, 4, 3, 2, 1, 5, 33, 49, 41, 22, 10, 27, 51, 59, 38, 15, 16, 17, 18, 19],
   [41, 22, 5, 33, 49, 56, 35, 12, 29, 53, 46, 43, 24, 7, 30, 51, 59, 38, 10, 27, 21, 9, 32, 48, 40, 31, 47, 44, 20, 8, 36, 13, 25, 54, 57, 26, 50, 58, 37, 14, 1, 0, 4, 3, 2, 6, 34, 45, 42, 23, 11, 28, 52, 55, 39, 16, 17, 18, 19, 15],
   [42, 23, 6, 34, 45, 57, 36, 13, 25, 54, 47, 44, 20, 8, 31, 52, 55, 39, 11, 28, 22, 5, 33, 49, 41, 32, 48, 40, 21, 9, 37, 14, 26, 50, 58, 27, 51, 59, 38, 10, 2, 1, 0, 4, 3, 7, 30, 46, 43, 24, 12, 29, 53, 56, 35, 17, 18, 19, 15, 16],
   [43, 24, 7, 30, 46, 58, 37, 14, 26, 50, 48, 40, 21, 9, 32, 53, 56, 35, 12, 29, 23, 6, 34, 45, 42, 33, 49, 41, 22, 5, 38, 10, 27, 51, 59, 28, 52, 55, 39, 11, 3, 2, 1, 0, 4, 8, 31, 47, 44, 20, 13, 25, 54, 57, 36, 18, 19, 15, 16, 17],
   [44, 20, 8, 31, 47, 59, 38, 10, 27, 51, 49, 41, 22, 5, 33, 54, 57, 36, 13, 25, 24, 7, 30, 46, 43, 34, 45, 42, 23, 6, 39, 11, 28, 52, 55, 29, 53, 56, 35, 12, 4, 3, 2, 1, 0, 9, 32, 48, 40, 21, 14, 26, 50, 58, 37, 19, 15, 16, 17, 18],
   [45, 42, 23, 6, 34, 50, 58, 37, 14, 26, 40, 21, 9, 32, 48, 55, 39, 11, 28, 52, 25, 54, 57, 36, 13, 35, 12, 29, 53, 56, 30, 46, 43, 24, 7, 20, 8, 31, 47, 44, 5, 33, 49, 41, 22, 0, 4, 3, 2, 1, 15, 16, 17, 18, 19, 10, 27, 51, 59, 38],
   [46, 43, 24, 7, 30, 51, 59, 38, 10, 27, 41, 22, 5, 33, 49, 56, 35, 12, 29, 53, 26, 50, 58, 37, 14, 36, 13, 25, 54, 57, 31, 47, 44, 20, 8, 21, 9, 32, 48, 40, 6, 34, 45, 42, 23, 1, 0, 4, 3, 2, 16, 17, 18, 19, 15, 11, 28, 52, 55, 39],
   [47, 44, 20, 8, 31, 52, 55, 39, 11, 28, 42, 23, 6, 34, 45, 57, 36, 13, 25, 54, 27, 51, 59, 38, 10, 37, 14, 26, 50, 58, 32, 48, 40, 21, 9, 22, 5, 33, 49, 41, 7, 30, 46, 43, 24, 2, 1, 0, 4, 3, 17, 18, 19, 15, 16, 12, 29, 53, 56, 35],
   [48, 40, 21, 9, 32, 53, 56, 35, 12, 29, 43, 24, 7, 30, 46, 58, 37, 14, 26, 50, 28, 52, 55, 39, 11, 38, 10, 27, 51, 59, 33, 49, 41, 22, 5, 23, 6, 34, 45, 42, 8, 31, 47, 44, 20, 3, 2, 1, 0, 4, 18, 19, 15, 16, 17, 13, 25, 54, 57, 36],
   [49, 41, 22, 5, 33, 54, 57, 36, 13, 25, 44, 20, 8, 31, 47, 59, 38, 10, 27, 51, 29, 53, 56, 35, 12, 39, 11, 28, 52, 55, 34, 45, 42, 23, 6, 24, 7, 30, 46, 43, 9, 32, 48, 40, 21, 4, 3, 2, 1, 0, 19, 15, 16, 17, 18, 14, 26, 50, 58, 37],
   [50, 58, 37, 14, 26, 45, 42, 23, 6, 34, 55, 39, 11, 28, 52, 40, 21, 9, 32, 48, 30, 46, 43, 24, 7, 20, 8, 31, 47, 44, 25, 54, 57, 36, 13, 35, 12, 29, 53, 56, 10, 27, 51, 59, 38, 15, 16, 17, 18, 19, 0, 4, 3, 2, 1, 5, 33, 49, 41, 22],
   [51, 59, 38, 10, 27, 46, 43, 24, 7, 30, 56, 35, 12, 29, 53, 41, 22, 5, 33, 49, 31, 47, 44, 20, 8, 21, 9, 32, 48, 40, 26, 50, 58, 37, 14, 36, 13, 25, 54, 57, 11, 28, 52, 55, 39, 16, 17, 18, 19, 15, 1, 0, 4, 3, 2, 6, 34, 45, 42, 23],
   [52, 55, 39, 11, 28, 47, 44, 20, 8, 31, 57, 36, 13, 25, 54, 42, 23, 6, 34, 45, 32, 48, 40, 21, 9, 22, 5, 33, 49, 41, 27, 51, 59, 38, 10, 37, 14, 26, 50, 58, 12, 29, 53, 56, 35, 17, 18, 19, 15, 16, 2, 1, 0, 4, 3, 7, 30, 46, 43, 24],
   [53, 56, 35, 12, 29, 48, 40, 21, 9, 32, 58, 37, 14, 26, 50, 43, 24, 7, 30, 46, 33, 49, 41, 22, 5, 23, 6, 34, 45, 42, 28, 52, 55, 39, 11, 38, 10, 27, 51, 59, 13, 25, 54, 57, 36, 18, 19, 15, 16, 17, 3, 2, 1, 0, 4, 8, 31, 47, 44, 20],
   [54, 57, 36, 13, 25, 49, 41, 22, 5, 33, 59, 38, 10, 27, 51, 44, 20, 8, 31, 47, 34, 45, 42, 23, 6, 24, 7, 30, 46, 43, 29, 53, 56, 35, 12, 39, 11, 28, 52, 55, 14, 26, 50, 58, 37, 19, 15, 16, 17, 18, 4, 3, 2, 1, 0, 9, 32, 48, 40, 21],
   [55, 39, 11, 28, 52, 40, 21, 9, 32, 48, 50, 58, 37, 14, 26, 45, 42, 23, 6, 34, 35, 12, 29, 53, 56, 25, 54, 57, 36, 13, 20, 8, 31, 47, 44, 30, 46, 43, 24, 7, 15, 16, 17, 18, 19, 10, 27, 51, 59, 38, 5, 33, 49, 41, 22, 0, 4, 3, 2, 1],
   [56, 35, 12, 29, 53, 41, 22, 5, 33, 49, 51, 59, 38, 10, 27, 46, 43, 24, 7, 30, 36, 13, 25, 54, 57, 26, 50, 58, 37, 14, 21, 9, 32, 48, 40, 31, 47, 44, 20, 8, 16, 17, 18, 19, 15, 11, 28, 52, 55, 39, 6, 34, 45, 42, 23, 1, 0, 4, 3, 2],
   [57, 36, 13, 25, 54, 42, 23, 6, 34, 45, 52, 55, 39, 11, 28, 47, 44, 20, 8, 31, 37, 14, 26, 50, 58, 27, 51, 59, 38, 10, 22, 5, 33, 49, 41, 32, 48, 40, 21, 9, 17, 18, 19, 15, 16, 12, 29, 53, 56, 35, 7, 30, 46, 43, 24, 2, 1, 0, 4, 3],
   [58, 37, 14, 26, 50, 43, 24, 7, 30, 46, 53, 56, 35, 12, 29, 48, 40, 21, 9, 32, 38, 10, 27, 51, 59, 28, 52, 55, 39, 11, 23, 6, 34, 45, 42, 33, 49, 41, 22, 5, 18, 19, 15, 16, 17, 13, 25, 54, 57, 36, 8, 31, 47, 44, 20, 3, 2, 1, 0, 4],
   [59, 38, 10, 27, 51, 44, 20, 8, 31, 47, 54, 57, 36, 13, 25, 49, 41, 22, 5, 33, 39, 11, 28, 52, 55, 29, 53, 56, 35, 12, 24, 7, 30, 46, 43, 34, 45, 42, 23, 6, 19, 15, 16, 17, 18, 14, 26, 50, 58, 37, 9, 32, 48, 40, 21, 4, 3, 2, 1, 0],
])
icos_Rs = np.zeros((60, 3, 3))
icos_Rs[0] = np.array([[1.000000, 0.000000, 0.000000], [0.000000, 1.000000, 0.000000], [0.000000, 0.000000, 1.000000]])
icos_Rs[1] = np.array([[0.500000, -0.809017, 0.309017], [0.809017, 0.309017, -0.500000], [0.309017, 0.500000, 0.809017]])
icos_Rs[2] = np.array([[-0.309017, -0.500000, 0.809017], [0.500000, -0.809017, -0.309017], [0.809017, 0.309017, 0.500000]])
icos_Rs[3] = np.array([[-0.309017, 0.500000, 0.809017], [-0.500000, -0.809017, 0.309017], [0.809017, -0.309017, 0.500000]])
icos_Rs[4] = np.array([[0.500000, 0.809017, 0.309017], [-0.809017, 0.309017, 0.500000], [0.309017, -0.500000, 0.809017]])
icos_Rs[5] = np.array([[-0.809017, 0.309017, 0.500000], [0.309017, -0.500000, 0.809017], [0.500000, 0.809017, 0.309017]])
icos_Rs[6] = np.array([[0.000000, 1.000000, 0.000000], [0.000000, 0.000000, 1.000000], [1.000000, 0.000000, 0.000000]])
icos_Rs[7] = np.array([[0.809017, 0.309017, -0.500000], [0.309017, 0.500000, 0.809017], [0.500000, -0.809017, 0.309017]])
icos_Rs[8] = np.array([[0.500000, -0.809017, -0.309017], [0.809017, 0.309017, 0.500000], [-0.309017, -0.500000, 0.809017]])
icos_Rs[9] = np.array([[-0.500000, -0.809017, 0.309017], [0.809017, -0.309017, 0.500000], [-0.309017, 0.500000, 0.809017]])
icos_Rs[10] = np.array([[-0.500000, -0.809017, 0.309017], [-0.809017, 0.309017, -0.500000], [0.309017, -0.500000, -0.809017]])
icos_Rs[11] = np.array([[-0.809017, 0.309017, 0.500000], [-0.309017, 0.500000, -0.809017], [-0.500000, -0.809017, -0.309017]])
icos_Rs[12] = np.array([[0.000000, 1.000000, 0.000000], [0.000000, 0.000000, -1.000000], [-1.000000, 0.000000, 0.000000]])
icos_Rs[13] = np.array([[0.809017, 0.309017, -0.500000], [-0.309017, -0.500000, -0.809017], [-0.500000, 0.809017, -0.309017]])
